t1 = 18939.49812909779 + 800.1888607051405 - 796.1003117319451
t2_u = 3084.532775692056 + 42.61022415218031 - 39.3677205247086
t2_g = 3113.5639679665173 + 27.585229635522865 - 25.58979441094516
t2_i = 3114.58829396721 + 44.80251145530292 - 40.79043998460975
m1 = 0.7950740694535166 + 0.018693121091037934 - 0.018148946275969302
m2 = 0.3074181171460656 + 0.012946271879076099 - 0.012484977615768611
incl = 84.51471682397977 + 0.7320740584366376 - 0.6726283961498041
t0 = 59283.10261090867 + 1.09370012069121e-06 - 1.228094333782792e-06
parallax = 2.16095883136684 + 0.05995638377458734 - 0.0566205148444916
ebv = 0.0648873592945414 + 0.016465367117710197 - 0.0175614413593393
logg1 = 8.285390518782723 + 0.02843065633638986 - 0.027446317404780984
r1 = 0.0106276291193022 + 0.00021830498503574818 - 0.00022182686836159926
r2 = 0.3365112774601733 + 0.011987310403069718 - 0.011515525453833386
a = 1.564068542352436 + 0.014463773523252232 - 0.014178854592226786
ffac = 0.5567999183284261 + 0.01387739320742809 - 0.013247004623039849
ln_prob = -1392.603447 + 1.7018900000000485 - 2.4202960000000076
