q                    = 0.3866534313681809 0.02 0.01 1 1
iangle               = 84.51471682397977 0.2 0.03 0 1
r1                   = 0.006792106875585093 0.005 0.0001 1 1
r2                   = 0.22477788245773644 0.05 0.0002 1 1
cphi3                = 0.014999999999999999 0.001 0.001 0 1
cphi4                = 0.017000000000000001 0.001 0.001 0 1
spin1                = 1 0.001 0.001 0 1
spin2                = 1 0.001 0.001 0 1
t1                   = 16959.306442940317 10000 10 0 1
t2                   = 3067.3463985432163 500 10 0 1
ldc1_1               = 0.866013984363324 0.01 0.01 0 1
ldc1_2               = -0.6279154329771809 0.01 0.01 0 1
ldc1_3               = 0.5144706856738848 0.01 0.01 0 1
ldc1_4               = -0.18576492510851939 0.01 0.01 0 1
ldc2_1               = 1.2715356570431076 0.01 0.01 0 1
ldc2_2               = -0.7161326561043662 0.01 0.01 0 1
ldc2_3               = 0.9923098012474874 0.01 0.01 0 1
ldc2_4               = -0.39878855145715003 0.01 0.01 0 1
velocity_scale       = 500 1 1 0 0
beam_factor1         = 2 0.1 0.02 0 0
beam_factor2         = 1.3131203953599999 0.1 0.002 0 0
t0                   = 59283.10261090867 0.0001 1e-05 1 1
period               = 0.215811345 1e-06 1e-06 0 1
pdot                 = 0 1e-06 1e-06 0 0
deltat               = 0 0.001 0.001 0 1
gravity_dark1        = 0 0.0001 0.0001 0 1
gravity_dark2        = 0.5326258549196318 0.0001 0.0001 0 1
absorb               = 0.5 0.001 0.001 0 1
slope                = 0 0.01 1e-05 0 0
quad                 = 0 0.01 1e-05 0 1
cube                 = 0 0.01 1e-05 0 0
third                = 0 0.01 1e-05 0 0
rdisc1               = 0.0500000000000001 0.01 0.0001 0 1
rdisc2               = 0.34999999999999998 0.01 0.02 0 1
height_disc          = 0.10000000000000002 0.01 1e-05 0 1
beta_disc            = 1.5 0.01 1e-05 0 1
temp_disc            = 3000 50 40 0 1
texp_disc            = -1.8 0.2 0.001 0 1
lin_limb_disc        = 0.29999999999999999 0.02 0.0001 0 1
quad_limb_disc       = 0 0.02 0.0001 0 1
temp_edge            = 0 1e-10 1e-10 0 0
absorb_edge          = 0 1e-10 1e-10 0 0
radius_spot          = 0.34999999999999998 0.005 0.01 0 1
length_spot          = 0.02 0.002 0.005 0 1
height_spot          = 0.050000000000000003 0.005 1e-05 0 1
expon_spot           = 0 0.2 0.1 0 1
epow_spot            = 1 0.1 0.1 0 1
angle_spot           = 140 2 2 0 1
yaw_spot             = 0 2 2 0 1
temp_spot            = 15000 400 200 0 1
tilt_spot            = 90 5 2 0 1
cfrac_spot           = 0.20000000000000001 0.02 0.008 0 1
stsp11_long          = 0 0 0 0 0
stsp11_lat           = 0 0 0 0 0
stsp11_fwhm          = 0 0 0 0 0
stsp11_tcen          = 0 0 0 0 0
stsp21_long          = 0 0 0 0 0
stsp21_lat           = 0 0 0 0 0
stsp21_fwhm          = 0 0 0 0 0
stsp21_tcen          = 0 0 0 0 0
delta_phase          = 1e-07
nlat1f               = 200
nlat2f               = 70
nlat1c               = 80
nlat2c               = 70
npole                = 0
nlatfill             = 0
nlngfill             = 0
lfudge               = 0.07
llo                  = 0
lhi                  = -50
phase1               = 0.038193114488281596
phase2               = 0.4618068855117184
wavelength           = 470.37665764017413
roche1               = 0
roche2               = 1
eclipse1             = 1
eclipse2             = 0
glens1               = 0
use_radii            = 1
tperiod              = 0.215811345
gdark_bolom1         = 0
gdark_bolom2         = 0
mucrit1              = 0
mucrit2              = 0
limb1                = Claret
limb2                = Claret
mirror               = 0
add_disc             = 0
nrad                 = 40
opaque               = 0
add_spot             = 0
nspot                = 100
iscale               = 0
